255 255 255 255 255 255 255 255 255 255 255 255 255 255 255 255
255 254 254 254 254 254 254 254 254 254 254 254 254 254 254 255
255 254   0   0   0   0   0   0   0   0   0   0   0   0 254 255
255 254   0   0   0   0   0   0   0   0   0   0   0   0 254 255
255 254   0   0   0   0   0   0   0   0   0   0   0   0 254 255
255 254   0   0   0 255 255 255 255 255 255   0   0   0 254 255
255 254   0   0   0 255  64   0 255 255 255   0   0   0 254 255
255 254   0   0   0 255  64   0   0   0 255   0   0   0 254 255
255 254   0   0   0 255  64   0   0   0 255   0   0   0 254 255
255 254   0   0   0 255 255 255   0   0 255   0   0   0 254 255
255 254   0   0   0 255 255 255 255 255 255   0   0   0 254 255
255 254   0   0   0   0   0   0   0   0   0   0   0   0 254 255
255 254   0   0   0   0   0   0   0   0   0   0   0   0 254 255
255 254   0   0   0   0   0   0   0   0   0   0   0   0 254 255
255 254 254 254 254 254 254 254 254 254 254 254 254 254 254 255
255 255 255 255 255 255 255 255 255 255 255 255 255 255 255 255
255 255 255 255 255 255 255 255 255 255 255 255 255 255 255 255
255 254 254 254 254 254 254 254 254 254 254 254 254 254 254 255
255 254   0   0   0   0   0   0   0   0   0   0   0   0 254 255
255 254   0   0   0   0   0   0   0   0   0   0   0   0 254 255
255 254   0   0   0   0   0   0   0   0   0   0   0   0 254 255
255 254   0   0   0 255 255 255 255 255 255   0   0   0 254 255
255 254   0   0   0 255  64   0 255 255 255   0   0   0 254 255
255 254   0   0   0 255  64   0   0   0 255   0   0   0 254 255
255 254   0   0   0 255  64   0   0   0 255   0   0   0 254 255
255 254   0   0   0 255 255 255   0   0 255   0   0   0 254 255
255 254   0   0   0 255 255 255 255 255 255   0   0   0 254 255
255 254   0   0   0   0   0   0   0   0   0   0   0   0 254 255
255 254   0   0   0   0   0   0   0   0   0   0   0   0 254 255
255 254   0   0   0   0   0   0   0   0   0   0   0   0 254 255
255 254 254 254 254 254 254 254 254 254 254 254 254 254 254 255
255 255 255 255 255 255 255 255 255 255 255 255 255 255 255 255
255 255 255 255 255 255 255 255 255 255 255 255 255 255 255 255
255 254 254 254 254 254 254 254 254 254 254 254 254 254 254 255
255 254   0   0   0   0   0   0   0   0   0   0   0   0 254 255
255 254   0   0   0   0   0   0   0   0   0   0   0   0 254 255
255 254   0   0   0   0   0   0   0   0   0   0   0   0 254 255
255 254   0   0   0 255 255 255 255 255 255   0   0   0 254 255
255 254   0   0   0 255  64   0 255 255 255   0   0   0 254 255
255 254   0   0   0 255  64   0   0   0 255   0   0   0 254 255
255 254   0   0   0 255  64   0   0   0 255   0   0   0 254 255
255 254   0   0   0 255 255 255   0   0 255   0   0   0 254 255
255 254   0   0   0 255 255 255 255 255 255   0   0   0 254 255
255 254   0   0   0   0   0   0   0   0   0   0   0   0 254 255
255 254   0   0   0   0   0   0   0   0   0   0   0   0 254 255
255 254   0   0   0   0   0   0   0   0   0   0   0   0 254 255
255 254 254 254 254 254 254 254 254 254 254 254 254 254 254 255
255 255 255 255 255 255 255 255 255 255 255 255 255 255 255 255

255 255 255 255 255 255 255 255 255 255 255 255 255 255 255 255
255 214 153 153 153 153 153 153 153 153 153 153 153 153 214 255
255 153   0   0   0   0   0   0   0   0   0   0   0   0 153 255
255 153   0   0   0   0   0   0   0   0   0   0   0   0 153 255
255 153   0   0  10  52  52  52  52  52  52  10   0   0 153 255
255 153   0   0  52 255 255 255 255 255 255  52   0   0 153 255
255 153   0   0  52 255 255 142 111 111 205  52   0   0 153 255
255 153   0   0  52 252 247  53   1   7 169  52   0   0 153 255
255 153   0   0  52 167   0   0  55 255 255  52   0   0 153 255
255 153   0   0  52 208 119 119 149 255 255  52   0   0 153 255
255 153   0   0  52 255 255 255 255 255 255  52   0   0 153 255
255 153   0   0  10  52  52  52  52  52  52  10   0   0 153 255
255 153   0   0   0   0   0   0   0   0   0   0   0   0 153 255
255 153   0   0   0   0   0   0   0   0   0   0   0   0 153 255
255 214 153 153 153 153 153 153 153 153 153 153 153 153 214 255
255 255 255 255 255 255 255 255 255 255 255 255 255 255 255 255
255 255 255 255 255 255 255 255 255 255 255 255 255 255 255 255
255 214 153 153 153 153 153 153 153 153 153 153 153 153 214 255
255 153   0   0   0   0   0   0   0   0   0   0   0   0 153 255
255 153   0   0   0   0   0   0   0   0   0   0   0   0 153 255
255 153   0   0  10  52  52  52  52  52  52  10   0   0 153 255
255 153   0   0  52 255 255 255 255 255 255  52   0   0 153 255
255 153   0   0  52 255 255 142 111 111 205  52   0   0 153 255
255 153   0   0  52 252 247  53   1   7 169  52   0   0 153 255
255 153   0   0  52 167   0   0  55 255 255  52   0   0 153 255
255 153   0   0  52 208 119 119 149 255 255  52   0   0 153 255
255 153   0   0  52 255 255 255 255 255 255  52   0   0 153 255
255 153   0   0  10  52  52  52  52  52  52  10   0   0 153 255
255 153   0   0   0   0   0   0   0   0   0   0   0   0 153 255
255 153   0   0   0   0   0   0   0   0   0   0   0   0 153 255
255 214 153 153 153 153 153 153 153 153 153 153 153 153 214 255
255 255 255 255 255 255 255 255 255 255 255 255 255 255 255 255
255 255 255 255 255 255 255 255 255 255 255 255 255 255 255 255
255 214 153 153 153 153 153 153 153 153 153 153 153 153 214 255
255 153   0   0   0   0   0   0   0   0   0   0   0   0 153 255
255 153   0   0   0   0   0   0   0   0   0   0   0   0 153 255
255 153   0   0  10  52  52  52  52  52  52  10   0   0 153 255
255 153   0   0  52 255 255 255 255 255 255  52   0   0 153 255
255 153   0   0  52 255 255 142 111 111 205  52   0   0 153 255
255 153   0   0  52 252 247  53   1   7 169  52   0   0 153 255
255 153   0   0  52 167   0   0  55 255 255  52   0   0 153 255
255 153   0   0  52 208 119 119 149 255 255  52   0   0 153 255
255 153   0   0  52 255 255 255 255 255 255  52   0   0 153 255
255 153   0   0  10  52  52  52  52  52  52  10   0   0 153 255
255 153   0   0   0   0   0   0   0   0   0   0   0   0 153 255
255 153   0   0   0   0   0   0   0   0   0   0   0   0 153 255
255 214 153 153 153 153 153 153 153 153 153 153 153 153 214 255
255 255 255 255 255 255 255 255 255 255 255 255 255 255 255 255

255 255 255 255 255 255 255 255 255 255 255 255 255 255 255 255
255 214 153 153 153 153 153 153 153 153 153 153 153 153 214 255
255 153   0   0   0   0   0   0   0   0   0   0   0   0 153 255
255 153   0   0   0   0   0   0   0   0   0   0   0   0 153 255
255 153   0   0  10  52  52  52  52  52  52  10   0   0 153 255
255 153   0   0  52 255 205 169 255 255 255  52   0   0 153 255
255 153   0   0  52 255 111   7 255 255 255  52   0   0 153 255
255 153   0   0  52 255 111   1  55 149 255  52   0   0 153 255
255 153   0   0  52 255 142  53   0 119 255  52   0   0 153 255
255 153   0   0  52 255 255 247   0 119 255  52   0   0 153 255
255 153   0   0  52 255 255 252 167 208 255  52   0   0 153 255
255 153   0   0  10  52  52  52  52  52  52  10   0   0 153 255
255 153   0   0   0   0   0   0   0   0   0   0   0   0 153 255
255 153   0   0   0   0   0   0   0   0   0   0   0   0 153 255
255 214 153 153 153 153 153 153 153 153 153 153 153 153 214 255
255 255 255 255 255 255 255 255 255 255 255 255 255 255 255 255
255 255 255 255 255 255 255 255 255 255 255 255 255 255 255 255
255 214 153 153 153 153 153 153 153 153 153 153 153 153 214 255
255 153   0   0   0   0   0   0   0   0   0   0   0   0 153 255
255 153   0   0   0   0   0   0   0   0   0   0   0   0 153 255
255 153   0   0  10  52  52  52  52  52  52  10   0   0 153 255
255 153   0   0  52 255 205 169 255 255 255  52   0   0 153 255
255 153   0   0  52 255 111   7 255 255 255  52   0   0 153 255
255 153   0   0  52 255 111   1  55 149 255  52   0   0 153 255
255 153   0   0  52 255 142  53   0 119 255  52   0   0 153 255
255 153   0   0  52 255 255 247   0 119 255  52   0   0 153 255
255 153   0   0  52 255 255 252 167 208 255  52   0   0 153 255
255 153   0   0  10  52  52  52  52  52  52  10   0   0 153 255
255 153   0   0   0   0   0   0   0   0   0   0   0   0 153 255
255 153   0   0   0   0   0   0   0   0   0   0   0   0 153 255
255 214 153 153 153 153 153 153 153 153 153 153 153 153 214 255
255 255 255 255 255 255 255 255 255 255 255 255 255 255 255 255
255 255 255 255 255 255 255 255 255 255 255 255 255 255 255 255
255 214 153 153 153 153 153 153 153 153 153 153 153 153 214 255
255 153   0   0   0   0   0   0   0   0   0   0   0   0 153 255
255 153   0   0   0   0   0   0   0   0   0   0   0   0 153 255
255 153   0   0  10  52  52  52  52  52  52  10   0   0 153 255
255 153   0   0  52 255 205 169 255 255 255  52   0   0 153 255
255 153   0   0  52 255 111   7 255 255 255  52   0   0 153 255
255 153   0   0  52 255 111   1  55 149 255  52   0   0 153 255
255 153   0   0  52 255 142  53   0 119 255  52   0   0 153 255
255 153   0   0  52 255 255 247   0 119 255  52   0   0 153 255
255 153   0   0  52 255 255 252 167 208 255  52   0   0 153 255
255 153   0   0  10  52  52  52  52  52  52  10   0   0 153 255
255 153   0   0   0   0   0   0   0   0   0   0   0   0 153 255
255 153   0   0   0   0   0   0   0   0   0   0   0   0 153 255
255 214 153 153 153 153 153 153 153 153 153 153 153 153 214 255
255 255 255 255 255 255 255 255 255 255 255 255 255 255 255 255

255 255 255 255 255 255 255 255 255 255 255 255 255 255 255 255
255 214 153 153 153 153 153 153 153 153 153 153 153 153 214 255
255 153   0   0   0   0   0   0   0   0   0   0   0   0 153 255
255 153   0   0   0   0   0   0   0   0   0   0   0   0 153 255
255 153   0   0  10  52  52  52  52  52  52  10   0   0 153 255
255 153   0   0  52 255 255 255 255 255 255  52   0   0 153 255
255 153   0   0  52 255 255 149 119 119 208  52   0   0 153 255
255 153   0   0  52 255 255  55   0   0 167  52   0   0 153 255
255 153   0   0  52 169   7   1  53 247 252  52   0   0 153 255
255 153   0   0  52 205 111 111 142 255 255  52   0   0 153 255
255 153   0   0  52 255 255 255 255 255 255  52   0   0 153 255
255 153   0   0  10  52  52  52  52  52  52  10   0   0 153 255
255 153   0   0   0   0   0   0   0   0   0   0   0   0 153 255
255 153   0   0   0   0   0   0   0   0   0   0   0   0 153 255
255 214 153 153 153 153 153 153 153 153 153 153 153 153 214 255
255 255 255 255 255 255 255 255 255 255 255 255 255 255 255 255
255 255 255 255 255 255 255 255 255 255 255 255 255 255 255 255
255 214 153 153 153 153 153 153 153 153 153 153 153 153 214 255
255 153   0   0   0   0   0   0   0   0   0   0   0   0 153 255
255 153   0   0   0   0   0   0   0   0   0   0   0   0 153 255
255 153   0   0  10  52  52  52  52  52  52  10   0   0 153 255
255 153   0   0  52 255 255 255 255 255 255  52   0   0 153 255
255 153   0   0  52 255 255 149 119 119 208  52   0   0 153 255
255 153   0   0  52 255 255  55   0   0 167  52   0   0 153 255
255 153   0   0  52 169   7   1  53 247 252  52   0   0 153 255
255 153   0   0  52 205 111 111 142 255 255  52   0   0 153 255
255 153   0   0  52 255 255 255 255 255 255  52   0   0 153 255
255 153   0   0  10  52  52  52  52  52  52  10   0   0 153 255
255 153   0   0   0   0   0   0   0   0   0   0   0   0 153 255
255 153   0   0   0   0   0   0   0   0   0   0   0   0 153 255
255 214 153 153 153 153 153 153 153 153 153 153 153 153 214 255
255 255 255 255 255 255 255 255 255 255 255 255 255 255 255 255
255 255 255 255 255 255 255 255 255 255 255 255 255 255 255 255
255 214 153 153 153 153 153 153 153 153 153 153 153 153 214 255
255 153   0   0   0   0   0   0   0   0   0   0   0   0 153 255
255 153   0   0   0   0   0   0   0   0   0   0   0   0 153 255
255 153   0   0  10  52  52  52  52  52  52  10   0   0 153 255
255 153   0   0  52 255 255 255 255 255 255  52   0   0 153 255
255 153   0   0  52 255 255 149 119 119 208  52   0   0 153 255
255 153   0   0  52 255 255  55   0   0 167  52   0   0 153 255
255 153   0   0  52 169   7   1  53 247 252  52   0   0 153 255
255 153   0   0  52 205 111 111 142 255 255  52   0   0 153 255
255 153   0   0  52 255 255 255 255 255 255  52   0   0 153 255
255 153   0   0  10  52  52  52  52  52  52  10   0   0 153 255
255 153   0   0   0   0   0   0   0   0   0   0   0   0 153 255
255 153   0   0   0   0   0   0   0   0   0   0   0   0 153 255
255 214 153 153 153 153 153 153 153 153 153 153 153 153 214 255
255 255 255 255 255 255 255 255 255 255 255 255 255 255 255 255
